== A. balanced fork tree, leaves allocate their own array (mode 0): leaf ~1us, 10us, 100us, 1ms, 10ms (total ~0.5-0.8 s of work)
load ['15.13', '14.93', '13.85']
args                              t=1     t=2     t=4     t=8    t=12  | speedup      x1     x2     x4     x8    x12
0 19 10 1 1                       693     414     306     185     210  |      1.00   1.67   2.26   3.75   3.30 
0 16 10 10 1                      576     291     209     150     226  |      1.00   1.98   2.76   3.84   2.55 
0 13 12 25 1                      690     386     263     238     184  |      1.00   1.79   2.62   2.90   3.75 
0 10 14 60 1                      818     472     236     216     195  |      1.00   1.73   3.47   3.79   4.19 
0 6 14 600 1                      514     259     181     131     158  |      1.00   1.98   2.84   3.92   3.25 
== B. depth / granularity at 100us leaves
load ['17.50', '15.60', '14.14']
args                              t=1     t=2     t=4     t=8    t=12  | speedup      x1     x2     x4     x8    x12
0 3 12 3000 1                      79      50      32      37      27  |      1.00   1.58   2.47   2.14   2.93 
0 4 12 1500 1                      79      51      43      24      31  |      1.00   1.55   1.84   3.29   2.55 
0 5 12 750 1                       92      50      54      27      26  |      1.00   1.84   1.70   3.41   3.54 
0 7 12 200 1                       85      50      39      27      24  |      1.00   1.70   2.18   3.15   3.54 
0 9 12 60 1                       103      63      46      40      36  |      1.00   1.63   2.24   2.58   2.86 
0 13 12 25 1                      692     383     278     222     231  |      1.00   1.81   2.49   3.12   3.00 
== C. forks from sequential code (mode 1: n rounds of an 8-leaf tree) vs one wrapping region (mode 2), 85us / 10us / 4us leaves
load ['18.37', '15.91', '14.27']
args                              t=1     t=2     t=4     t=8    t=12  | speedup      x1     x2     x4     x8    x12
1 3 12 25 500                     337     428     447     466     614  |      1.00   0.79   0.75   0.72   0.55 
2 3 12 25 500                     339     184     112      91      99  |      1.00   1.84   3.03   3.73   3.42 
1 3 10 10 5000                    353    1191    1330    1715    2434  |      1.00   0.30   0.27   0.21   0.15 
2 3 10 10 5000                    354     201     134     108     105  |      1.00   1.76   2.64   3.28   3.37 
1 3 8 4 20000                     164    3459    3776    5370    7530  |      1.00   0.05   0.04   0.03   0.02 
2 3 8 4 20000                     163     111      69      51      60  |      1.00   1.47   2.36   3.20   2.72 
== D. tail vs non-tail leaf recursion (modes 3, 4) and a fork-free def next to a fork (9, 10, 11; D=0: nothing to parallelise, so the speedup column is the per-thread-count slowdown)
load ['20.80', '17.52', '15.13']
args                              t=1     t=2     t=4     t=8    t=12  | speedup      x1     x2     x4     x8    x12
3 13 8 25 1                       110      67      52      32      41  |      1.00   1.64   2.12   3.44   2.68 
4 13 8 25 1                        42      33      22      15      16  |      1.00   1.27   1.91   2.80   2.62 
3 0 16 800 1                      113     110     105     106     107  |      1.00   1.03   1.08   1.07   1.06 
4 0 16 800 1                       42      43      42      42      43  |      1.00   0.98   1.00   1.00   0.98 
9 0 8 20000 1                      69      66      66      69      75  |      1.00   1.05   1.05   1.00   0.92 
10 0 8 20000 1                     79     178     191     174     193  |      1.00   0.44   0.41   0.45   0.41 
11 0 8 20000 1                     69      70      70      70      69  |      1.00   0.99   0.99   0.99   1.00 
7 13 12 25 1                      690     690     696     664     664  |      1.00   1.00   0.99   1.04   1.04 
== E. handing out slices of ONE array: ANode halves (5) vs tree of leaf arrays (6) vs own arrays (0), 100us and 10ms leaves; slice overhead at equal work
load ['18.27', '17.25', '15.13']
args                              t=1     t=2     t=4     t=8    t=12  | speedup      x1     x2     x4     x8    x12
5 13 12 25 1                      890     562     468     388     409  |      1.00   1.58   1.90   2.29   2.18 
6 13 12 25 1                      694     370     289     218     209  |      1.00   1.88   2.40   3.18   3.32 
0 13 12 25 1                      700     365     226     257     231  |      1.00   1.92   3.10   2.72   3.03 
5 6 14 600 1                      519     297     189     167     207  |      1.00   1.75   2.75   3.11   2.51 
6 6 14 600 1                      506     266     226     157     170  |      1.00   1.90   2.24   3.22   2.98 
5 0 18 1000 1                     215     214     209     217     208  |      1.00   1.00   1.03   0.99   1.03 
5 6 12 1000 1                     212     120      87      79      67  |      1.00   1.77   2.44   2.68   3.16 
5 10 8 1000 1                     218     127      80      66      89  |      1.00   1.72   2.73   3.30   2.45 
5 14 4 1000 1                     249     135      97      86      87  |      1.00   1.84   2.57   2.90   2.86 
5 16 2 1000 1                     277     152     111      93     110  |      1.00   1.82   2.50   2.98   2.52 
5 18 0 1000 1                     851     469     264     229     240  |      1.00   1.81   3.22   3.72   3.55 
== F. shared read-only input via Array.fork (mode 12; 2^D leaves of 2^w words, reps symbols each, 2^extra symbols in S)
load ['18.02', '17.33', '15.34']
args                              t=1     t=2     t=4     t=8    t=12  | speedup      x1     x2     x4     x8    x12
12 10 8 8 12                        3       3       3       4       3  |      1.00   1.00   1.00   0.75   1.00 
12 10 8 40 12                      14      11       9       5       9  |      1.00   1.27   1.56   2.80   1.56 
12 10 10 64 10                     78      53      34      26      27  |      1.00   1.47   2.29   3.00   2.89 
12 12 8 40 12                      61      34      24      20      25  |      1.00   1.79   2.54   3.05   2.44 
12 6 12 64 10                      22      13      10      12      14  |      1.00   1.69   2.20   1.83   1.57 
